   9.20100e+02    8.60000e+02    8.46654e-01
   9.15852e+02    9.00000e+02    8.60669e-01
   9.11618e+02    9.40000e+02    1.10275e+00
   9.07400e+02    9.80000e+02    1.48770e+00
   9.03198e+02    1.02000e+03    1.69974e+00
   8.99012e+02    1.06000e+03    1.75868e+00
   8.94839e+02    1.10000e+03    1.79618e+00
   8.90679e+02    1.14000e+03    1.85393e+00
   8.86532e+02    1.18000e+03    1.94351e+00
   8.82396e+02    1.22000e+03    2.25876e+00
   8.78276e+02    1.26000e+03    2.39949e+00
   8.74171e+02    1.30000e+03    2.54358e+00
   8.70085e+02    1.34000e+03    2.64869e+00
   8.66020e+02    1.38000e+03    2.61661e+00
   8.61975e+02    1.42000e+03    2.39391e+00
   8.57948e+02    1.46000e+03    2.05306e+00
   8.53938e+02    1.50000e+03    1.96629e+00
   8.49950e+02    1.54000e+03    1.85844e+00
   8.45970e+02    1.58000e+03    1.59029e+00
   8.41999e+02    1.62000e+03    1.38074e+00
   8.38037e+02    1.66000e+03    1.45443e+00
   8.34106e+02    1.70000e+03    1.19447e+00
   8.30204e+02    1.74000e+03    8.96230e-01
   8.26301e+02    1.78000e+03    8.96574e-01
   8.22431e+02    1.82000e+03    2.28732e-01
   8.18569e+02    1.86000e+03    6.66569e-02
   8.14726e+02    1.90000e+03    6.77102e-02
   8.10901e+02    1.94000e+03    5.87426e-02
   8.07096e+02    1.98000e+03    3.67100e-02
   8.03306e+02    2.02000e+03    2.98856e-02
   7.99529e+02    2.06000e+03    3.36090e-02
   7.95766e+02    2.10000e+03    1.16678e-02
