   1.01281e+03    2.00000e+01    1.76040e-02    2.99845e+02
   1.00830e+03    6.00000e+01    1.73862e-02    2.99425e+02
   1.00375e+03    1.00000e+02    1.72778e-02    2.99029e+02
   9.99144e+02    1.40000e+02    1.72231e-02    2.98644e+02
   9.94645e+02    1.80000e+02    1.71906e-02    2.98262e+02
   9.90155e+02    2.20000e+02    1.71660e-02    2.97884e+02
   9.85626e+02    2.60000e+02    1.71419e-02    2.97506e+02
   9.81148e+02    3.00000e+02    1.71124e-02    2.97129e+02
   9.76722e+02    3.40000e+02    1.70724e-02    2.96756e+02
   9.72262e+02    3.80000e+02    1.70129e-02    2.96389e+02
   9.67894e+02    4.20000e+02    1.69248e-02    2.96030e+02
   9.63460e+02    4.60000e+02    1.67935e-02    2.95688e+02
   9.59040e+02    5.00000e+02    1.66067e-02    2.95364e+02
   9.54643e+02    5.40000e+02    1.63606e-02    2.95067e+02
   9.50298e+02    5.80000e+02    1.60804e-02    2.94794e+02
   9.45920e+02    6.20000e+02    1.58024e-02    2.94522e+02
   9.41547e+02    6.60000e+02    1.55336e-02    2.94255e+02
   9.37274e+02    7.00000e+02    1.52773e-02    2.93992e+02
   9.32910e+02    7.40000e+02    1.50344e-02    2.93730e+02
   9.28640e+02    7.80000e+02    1.47988e-02    2.93470e+02
   9.24388e+02    8.20000e+02    1.45658e-02    2.93213e+02
   9.20090e+02    8.60000e+02    1.43408e-02    2.92960e+02
   9.15841e+02    9.00000e+02    1.41229e-02    2.92707e+02
   9.11653e+02    9.40000e+02    1.39046e-02    2.92454e+02
   9.07416e+02    9.80000e+02    1.36756e-02    2.92204e+02
   9.03160e+02    1.02000e+03    1.34440e-02    2.91955e+02
   8.98990e+02    1.06000e+03    1.32214e-02    2.91705e+02
   8.94816e+02    1.10000e+03    1.30011e-02    2.91454e+02
   8.90661e+02    1.14000e+03    1.27849e-02    2.91207e+02
   8.86513e+02    1.18000e+03    1.25741e-02    2.90959e+02
   8.82441e+02    1.22000e+03    1.23653e-02    2.90713e+02
   8.78305e+02    1.26000e+03    1.21563e-02    2.90466e+02
   8.74231e+02    1.30000e+03    1.19403e-02    2.90225e+02
   8.70099e+02    1.34000e+03    1.17208e-02    2.89995e+02
   8.66035e+02    1.38000e+03    1.14923e-02    2.89784e+02
   8.62047e+02    1.42000e+03    1.12400e-02    2.89595e+02
   8.57944e+02    1.46000e+03    1.09495e-02    2.89438e+02
   8.53968e+02    1.50000e+03    1.06019e-02    2.89317e+02
   8.49930e+02    1.54000e+03    1.01841e-02    2.89237e+02
   8.45979e+02    1.58000e+03    9.69025e-03    2.89205e+02
   8.41993e+02    1.62000e+03    9.13740e-03    2.89217e+02
   8.38073e+02    1.66000e+03    8.56769e-03    2.89257e+02
   8.34133e+02    1.70000e+03    8.00831e-03    2.89308e+02
   8.30197e+02    1.74000e+03    7.45695e-03    2.89366e+02
   8.26272e+02    1.78000e+03    6.91177e-03    2.89426e+02
   8.22409e+02    1.82000e+03    6.37945e-03    2.89480e+02
   8.18562e+02    1.86000e+03    5.85383e-03    2.89530e+02
   8.14721e+02    1.90000e+03    5.34763e-03    2.89566e+02
   8.10887e+02    1.94000e+03    4.89285e-03    2.89567e+02
   8.07068e+02    1.98000e+03    4.53749e-03    2.89501e+02
   8.03304e+02    2.02000e+03    4.30702e-03    2.89363e+02
   7.99544e+02    2.06000e+03    4.18229e-03    2.89164e+02
   7.95795e+02    2.10000e+03    4.11051e-03    2.88927e+02
   7.92002e+02    2.14000e+03    4.05580e-03    2.88675e+02
   7.88273e+02    2.18000e+03    4.00445e-03    2.88427e+02
   7.84582e+02    2.22000e+03    3.95388e-03    2.88182e+02
   7.80827e+02    2.26000e+03    3.90450e-03    2.87940e+02
   7.77161e+02    2.30000e+03    3.85597e-03    2.87695e+02
   7.73459e+02    2.34000e+03    3.80758e-03    2.87448e+02
   7.69815e+02    2.38000e+03    3.75911e-03    2.87201e+02
   7.66184e+02    2.42000e+03    3.71067e-03    2.86953e+02
   7.62555e+02    2.46000e+03    3.66237e-03    2.86705e+02
   7.58913e+02    2.50000e+03    3.61417e-03    2.86466e+02
   7.55312e+02    2.54000e+03    3.56584e-03    2.86241e+02
   7.51692e+02    2.58000e+03    3.51740e-03    2.86016e+02
   7.48156e+02    2.62000e+03    3.46893e-03    2.85777e+02
   7.44607e+02    2.66000e+03    3.42049e-03    2.85526e+02
   7.41012e+02    2.70000e+03    3.37212e-03    2.85273e+02
   7.37485e+02    2.74000e+03    3.32381e-03    2.85017e+02
   7.33960e+02    2.78000e+03    3.27549e-03    2.84759e+02
   7.30446e+02    2.82000e+03    3.22734e-03    2.84504e+02
   7.26981e+02    2.86000e+03    3.18172e-03    2.84250e+02
   7.23494e+02    2.90000e+03    3.14475e-03    2.83999e+02
   7.20001e+02    2.94000e+03    3.12038e-03    2.83747e+02
